Jan01 311.111 288.442 359.463 335.336 303.544
Jan02 310.173 284.556 359.537 332.609 302.071
Jan03 308.159 329.72 359.505 331.984 302.269
Jan04 309.87 423.954 359.572 331.635 304.568
Jan05 309.148 415.132 358.1 326.133 298.535
Jan06 304.187 407.156 359.368 279.353 252.233
Jan07 300.676 379.44 355.451 320.902 298.024
Jan08 299.968 351.894 343.32 320.024 300.35
Jan09 297.185 328.718 344.845 319.615 297.429
Jan10 298.382 327.491 345.016 319.325 294.901
Jan11 300.125 328.035 345.36 322.444 294.637
Jan12 297.687 327.807 343.736 321.801 294.852
Jan13 280.953 322.4 344.685 315.776 289.853
Jan14 274.196 307.461 341.36 306.274 287.475
Jan15 263.442 308.62 345.278 314.86 275.644
Jan16 262.966 301.19 345.168 313.188 268.678
Jan17 262.243 298.647 345 315.114 269.295
Jan18 262.526 299.516 343.645 316.433 271.201
Jan19 262.63 259.453 338.642 314.067 266.065
Jan20 266.773 221.932 342.585 316.656 271.136
Jan21 264.21 218.12 343.843 314.507 271.446
Jan22 263.167 217.496 343.745 314.969 266.481
Jan23 254.746 217.708 343.756 313.988 266.815
Jan24 249.552 217.53 343.916 307.486 269.031
Jan25 248.848 221.741 344.641 306.15 271.864
Jan26 251.374 223.904 344.805 304.734 275.565
Jan27 251.366 215.164 341.599 299.829 271.769
Jan28 374.669 348.333 413.704 402.861 381.62
Jan29 523.188 523.282 517.781 530.636 524.785
Jan30 521.241 523.35 527.08 529.359 525.235
Jan31 481.724 513.466 495.519 519.282 511.829
Feb01 449.766 491.054 478.522 508.531 443.797
Feb02 446.863 482.039 475.399 508.118 437.047
Feb03 442.678 468.287 467.669 504.588 424.862
Feb04 434.898 448.289 459.261 494.225 370.149
Feb05 418.34 440.01 451.199 488.975 347.574
Feb06 405.241 410.619 444.815 475.581 346.649
Feb07 396.496 371.725 440.245 472.718 346.686
Feb08 387.003 371.361 441.68 471.533 346.978
Feb09 356.656 369.799 436.74 470.97 345.987
Feb10 354.184 363.888 415.297 469.439 336.981
Feb11 350.715 359.169 397.602 470.162 326.591
Feb12 344.627 355.184 384.617 464.54 326.038
Feb13 337.446 355.402 374.932 463.146 320.86
Feb14 335.13 367.002 365.503 451.952 317.472
Feb15 335.749 370.574 361.15 449.47 318.919
Feb16 335.093 370.285 355.342 448.659 316.636
Feb17 340.181 367.694 348.192 436.456 314.202
Feb18 351.758 367.073 334.584 426.277 311.674
Feb19 350.757 355.957 330.706 420.533 310.521
Feb20 348.138 356.96 326.154 408.334 301.381
Feb21 345.804 352.766 318.855 391.435 289.836
Feb22 347.241 347.9 321.941 374.887 299.246
Feb23 347.433 350.397 325.445 363.144 305.18
Feb24 341.433 332.714 324.713 353.126 300.058
Feb25 338.49 300.124 327.485 348.784 296.315
Feb26 333.252 297.181 329.373 342.857 296.252
Feb27 325.929 297.658 325.465 342.224 287.646
Feb28 325.583 298.846 327.846 343.355 286.702
Feb29 330.5 301.313 330.187 345.494 289.532
Mar01 317.442 288.872 329.298 345.339 289.636
Mar02 312.592 287.772 332.755 348.608 289.825
Mar03 309.387 292.118 336.744 356.698 297.594
Mar04 309.509 296.048 306.1 354.675 298.936
Mar05 302.31 293.254 259.043 356.252 291.627
Mar06 300.953 319.76 322.014 355.446 282.477
Mar07 302.58 346.752 320.803 359.455 277.55
Mar08 303.158 345.002 321.892 361.753 277.274
Mar09 300.224 336.919 319.516 353.306 274.461
Mar10 299.92 334.96 318.453 352.486 273.76
Mar17 429.05 481.773 505.707 332.34 474.978
Mar18 412.277 466.706 504.606 328.709 465.718
Mar19 395.376 436.133 500.138 319.572 464.497
Mar20 354.314 419.409 495.574 303.84 463.167
Mar21 315.938 415.256 495.707 281.325 463.887
Mar22 315.224 409.827 495.873 260.106 466.839
Mar23 308.582 406.219 466.715 231.057 467.311
Mar24 305.367 393.949 414.829 198.647 446.181
Mar25 306.487 379.195 406.177 175.595 440.5
Mar26 309.497 360.267 403.054 142.343 428.728
Mar27 411.559 430.049 520.583 298.162 469.353
Mar28 506.247 435.827 505.91 438.308 519.974
Mar29 489.879 427.715 488.285 431.903 512.96
Mar30 480.911 422.067 471.028 411.476 415.993
Mar31 475.783 416.281 453.079 394.55 337.685
Apr01 473.197 396.095 434.794 378.093 332.419
Apr02 469.905 383.961 429.682 370.915 330.012
Apr03 467.796 377.037 426.898 371.333 327.072
Apr04 471.27 375.483 426.117 370.205 325.128
Apr05 471.302 370.88 411.321 349.681 311.514
Apr06 470.031 359.019 422.214 360.388 318.271
Apr07 477.182 355.284 420.281 357.928 -1
Apr08 483.635 351.729 415.924 356.502 -1
Apr09 483.577 350.394 412.022 343.069 -1
Apr10 482.143 343.372 402.303 332.117 -1
Apr11 482.837 351.832 402.242 336.219 -1
Apr12 482.115 359.491 403.216 344.885 -1
Apr13 482.234 354.323 404.239 345.911 -1
Apr14 482.979 348.864 404.348 341.34 -1
Apr15 481.669 344.618 397.862 319.396 -1
Apr16 481.76 339.625 389.692 309.928 -1
Apr17 481.915 340.144 371.9 342.361 -1
Apr18 482.311 339.753 372.854 344.313 -1
Apr19 482.349 339.716 374.623 345.149 324.549
Apr20 478.935 341.325 371.196 341.994 321.891
Apr21 469.842 344.216 366.676 340.81 321.132
Apr22 465.689 340.314 364.892 336.768 323.716
Apr23 458.888 335.074 357.438 334.329 324.648
Apr24 453.211 323.92 336.01 335.381 326.609
Apr25 453.287 322.176 331.57 336.668 326.63
Apr26 453.807 320.391 338.551 337.49 326.398
Apr27 446.062 317.042 332.744 327.274 322.692
Apr28 430.001 315.313 322.247 326.395 312.758
Apr29 417.763 305.641 319.101 320.693 312.741
Apr30 407.653 300.586 315.574 323.528 312.42
May01 406.438 299.296 312.751 321.418 312.277
May02 401.302 298.942 316.266 323.256 312.777
May03 400.627 298.207 315.759 316.443 313.379
May04 388.928 292.379 315.659 317.873 313.37
May05 373.937 288.058 316.655 315.996 313.218
May06 366.847 283.839 315.94 314.399 313.713
May07 361.42 279.154 314.898 312.802 313.229
May08 352.99 280.536 313.946 313.783 313.655
May09 357.697 283.021 315.324 312.015 312.886
May10 350.277 284.239 315.133 313.055 312.207
May11 342.994 280.322 304.816 304.626 311.17
May12 438.358 398.813 420.095 417.997 422.347
May13 505.395 479.009 510.785 504.895 508.071
May14 490.406 466.296 493.818 488.215 494.839
May15 434.256 462.887 460.243 470.009 485.17
May16 393.088 463.843 456.841 472.02 485.255
May17 384.789 464.401 457.543 465.979 483.288
May18 376.648 461.851 450.692 452.361 471.93
May19 452.24 493.699 486.841 489.746 493.292
May20 505.914 511.929 500.4 506.389 498.574
May21 487.582 500.535 449.416 491.76 478.796
May22 465.922 494.895 443.215 480.544 466.317
May23 442.544 496.444 440.091 476.222 462.754
May24 438.749 493.288 438.89 473.459 460.431
May25 404.473 487.252 430.779 470.846 456.796
May26 399.194 483.044 429.64 462.79 453.566
May27 390.637 484.073 418.886 439.024 434.697
May28 373.229 482.689 407.307 423.864 422.976
May29 338.246 482.56 389.207 415.69 413.691
May30 325.128 483.376 386.679 412.516 406.179
May31 321.363 484.047 381.049 412.162 401.866
Jun01 336.229 484.003 368.295 414.961 397.725
Jun02 352.291 476.794 366.008 403.7 397.052
Jun03 352.81 465.616 362.934 399.121 394.285
Jun04 347.644 444.163 362.433 388.838 389.212
Jun05 341.912 417.812 359.236 388.653 384.634
Jun06 342.664 403.363 354.646 390.533 384.384
Jun07 343.49 389.5 351.324 391.03 381.209
Jun08 338.524 382.544 342.009 401.776 367.957
Jun09 335.688 373.554 334.169 418.54 358.092
Jun10 335.9 365.948 342.078 418.339 354.694
Jun11 328.673 362.157 338.915 418.644 344.165
Jun12 332.682 363.42 332.687 417.074 328.802
Jun13 331.667 365.707 334.487 417.17 332.292
Jun14 333.613 366.164 334.727 417.204 334.855
Jun15 314.641 366.298 328.084 416.816 331.519
Jun16 326.44 361.747 323.181 405.584 330.22
Jun17 321.136 355.82 322.54 399.678 327.499
Jun18 307.655 355.993 283.621 399.156 292.821
Jun19 327.433 355.963 322.713 389.614 331.417
Jun20 327.329 355.653 325.841 386.528 322.188
Jun21 327.57 355.132 325.743 386.805 323.832
Jun22 325.127 358.911 325.154 378.312 325.684
Jun23 319.163 362.742 319.577 367.949 322.182
Jun24 316.251 359.998 303.127 357.913 315.984
Jun25 301.312 359.936 291.068 347.935 302.281
Jun26 306.792 361.67 309.334 345.508 298.701
Jun27 312.948 361.969 310.658 345.982 296.142
Jun28 312.703 361.923 312.279 345.707 295.99
Jun29 309.35 361.584 300.465 348.529 292.754
Jun30 303.708 361.412 291.106 351.221 303.795
Jul01 303.692 361.019 286.216 339.879 312.392
Jul02 298.833 358.687 283.016 332.688 310.221
Jul03 301.992 360.658 285.737 340.888 309.395
Jul04 301.493 360.965 272.804 338.312 308.88
Jul05 300.797 361.036 268.772 338.987 310.737
Jul06 296.227 359.99 278.322 327.677 312.322
Jul07 297.266 360.698 275.367 312.318 318.266
Jul08 304.546 358.979 271.203 300.581 321.049
Jul09 310.607 359.038 261.294 299.953 320.061
Jul10 310.853 358.107 269.833 301.998 317.963
Jul11 310.466 356.864 270.155 313.21 319.791
Jul12 309.791 359.501 270.752 314.601 320.612
Jul13 305.26 357.975 267.091 300.705 315.529
Jul14 306.056 356.227 257.672 278.38 310.715
Jul15 306.457 351.3 243.924 270.066 305.69
Jul16 300.975 344.396 231.306 259.774 302.969
Jul17 293.134 344.648 238.676 260.968 301.233
Jul18 304.416 348.09 242.954 262.389 296.801
Jul19 305.078 348.848 243.023 262.648 296.043
Jul20 301.651 346.913 239.315 258.665 295.586
Jul21 303.196 348.305 241.164 258.984 295.618
Jul22 354.62 490.722 491.084 492.158 478.358
Jul23 341.249 462.442 457.561 378.551 461.11
Jul24 336.396 417.484 450.122 348.493 434.692
Jul25 328.184 398.917 443.378 349.112 403.124
Jul26 325.461 396.67 443.13 344.717 392.29
Jul27 314.73 387.119 435.703 337.872 380.734
Jul28 302.445 377.818 423.134 326.728 377.674
Jul29 295.608 380.84 417.272 321.679 375.854
Jul30 294.864 372.704 424.037 316.564 374.377
Jul31 294.412 369.865 409.435 308.241 370.264
Aug01 294.966 360.8 401.259 304.029 372.874
Aug02 294.183 356.794 393.858 313.528 372.317
Aug03 289.025 352.634 388.33 307.652 366.454
Aug04 295.169 345.808 385.585 301.724 366.216
Aug05 292.194 343.955 384.343 296.145 362.391
Aug06 288.081 343.483 381.217 300.346 358.843
Aug07 300.733 343.736 376.376 296.703 349.172
Aug08 306.562 345.062 377.926 306.25 301.912
Aug09 306.995 346.039 378.801 304.465 295.737
Aug10 298.143 343.952 380.117 300.591 295.78
Aug11 287.222 340.522 378.054 296.217 294.151
Aug12 282.388 340.783 373.085 295.588 288.763
Aug13 277.802 336.683 370.02 290.473 288.322
Aug14 -1 340.961 368.106 291.447 290.887
Aug15 -1 345.111 368.671 281.578 291.026
Aug16 -1 341.718 369.226 287.569 294.698
Aug17 -1 340.389 365.785 285.81 290.862
Aug18 -1 337.846 364.562 280.57 282.073
Aug19 -1 335.957 354.798 278.505 279.467
Aug20 -1 335.079 349.492 278.062 274.417
Aug21 -1 338.167 340.994 276.68 274.134
Aug22 -1 339.469 331.364 279.181 277.368
Aug23 -1 339.762 328.318 277.618 274.98
Aug24 401.566 339.683 324.734 281.99 274.69
Aug25 395.197 340.042 321.419 292.163 269.761
Aug26 384.926 340.972 319.577 292.998 266.081
Aug27 367.604 337.863 319.292 290.182 267.004
Aug28 356.488 336.469 316.992 289.202 261.971
Aug29 354.104 336.663 322.667 291.094 271.57
Aug30 361.725 341.664 335.106 293.427 275.241
Aug31 359.124 334.714 337.613 296.445 273.426
Sep01 354.776 312.751 348.802 294.832 272.403
Sep02 282.28 309.083 349.659 295.333 272.283
Sep03 264.023 316.122 347.583 295.266 268.78
Sep04 261.784 318.401 347.284 294.811 262.173
Sep05 268.67 322.878 344.013 292.484 267.668
Sep06 268.909 322.042 345.924 294.213 265.887
Sep07 266.956 320.171 345.66 295.514 262.927
Sep08 257.37 313.212 342.079 289.832 254.617
Sep09 249.206 306.806 339.206 287.244 254.341
Sep10 244.913 310.78 338.406 286.355 252.901
Sep11 237.21 302.39 337.932 287.556 239.229
Sep12 237.435 299.222 337.975 286.772 234.519
Sep13 238.943 287.599 338.515 286.387 235.76
Sep14 227.762 282.18 339.18 286.226 228.393
Sep15 357.52 379.633 412.747 382.592 355.32
Sep16 483.951 476.728 499.054 493.882 493.751
Sep17 436.602 415.737 450.431 462.879 464.298
Sep18 423.924 384.71 430.943 423.888 445.32
Sep19 420.686 384.844 427.189 389.23 439.301
Sep20 411.382 386.028 424.66 384.913 437.923
Sep21 404.104 370.06 416.365 374.876 420.45
Sep22 395.526 351.949 410.592 360.468 407.863
Sep23 389.714 341.608 398.443 351.907 393.466
Sep24 373.347 331.136 334.918 343.879 377.47
Sep25 356.942 330.059 326.548 335.045 351.334
Sep26 356.795 331.777 325.301 333.939 353.278
Sep27 359.008 336.602 327.452 325.869 354.554
Sep28 346.727 330.232 324.67 316.676 346.743
Sep29 349.84 328.863 326.944 313.497 341.512
Sep30 348.482 327.934 321.494 296.573 339.826
