date  login1 login2 login3 login4 login5
Jan01 73 65 14 62 60
Jan02 89 88 13 92 94
Jan03 101 99 24 99 95
Jan04 73 59 13 56 49
Jan05 73 64 13 62 61
Jan06 107 110 24 93 94
Jan07 138 112 25 116 116
Jan08 138 103 18 113 107
Jan09 141 106 15 127 121
Jan10 141 114 13 115 113
Jan11 82 71 12 55 76
Jan12 78 61 13 49 71
Jan13 143 118 17 90 135
Jan14 153 132 15 93 142
Jan15 138 140 8 118 124
Jan16 141 127 10 118 99
Jan17 124 114 11 77 112
Jan18 85 73 11 55 68
Jan19 82 66 12 60 63
Jan20 110 91 11 66 91
Jan21 136 141 14 107 130
Jan22 136 144 15 123 119
Jan23 141 136 18 130 104
Jan24 145 133 15 137 81
Jan25 93 80 10 77 63
Jan26 97 79 11 73 63
Jan27 152 144 28 138 103
Jan28 125 100 47 83 73
Jan29 78 69 56 39 60
Jan30 65 75 64 58 67
Jan31 81 97 78 81 97
Feb01 50 56 47 34 53
Feb02 59 60 55 20 49
Feb03 86 103 97 55 96
Feb04 83 107 89 83 103
Feb05 90 110 102 71 100
Feb06 105 114 92 75 92
Feb07 85 94 93 55 88
Feb08 54 59 67 30 64
Feb09 45 74 78 32 64
Feb10 101 112 117 78 114
Feb11 90 118 122 100 104
Feb12 92 128 126 90 109
Feb13 87 97 141 89 132
Feb14 82 115 129 92 103
Feb15 43 78 84 54 69
Feb16 54 76 77 47 47
Feb17 79 90 110 87 94
Feb18 80 125 121 95 124
Feb19 80 128 129 105 122
Feb20 89 120 125 93 148
Feb21 100 130 131 101 136
Feb22 66 77 73 46 74
Feb23 59 75 85 37 73
Feb24 116 132 116 105 112
Feb25 117 142 116 111 121
Feb26 111 152 119 100 105
Feb27 97 140 144 88 122
Feb28 114 132 123 75 115
Feb29 64 87 79 43 62
Mar01 71 86 83 42 67
Mar02 102 135 132 95 140
Mar03 146 126 136 110 123
Mar04 103 134 119 94 99
Mar05 120 116 113 73 121
Mar06 118 109 124 71 105
Mar07 64 74 70 31 73
Mar08 68 75 76 27 72
Mar09 125 107 130 82 110
Mar10 61 59 66 36 59
Mar17 105 94 25 65 92
Mar18 155 155 35 123 78
Mar19 148 158 59 146 45
Mar20 146 163 42 139 46
Mar21 101 111 22 100 30
Mar22 99 109 22 96 29
Mar23 152 164 76 139 44
Mar24 150 124 93 145 99
Mar25 153 134 110 144 84
Mar26 154 104 70 127 71
Mar27 109 106 57 86 72
Mar28 58 71 35 43 72
Mar29 52 61 47 66 78
Mar30 88 98 121 115 127
Mar31 91 102 103 136 96
Apr01 56 120 106 144 123
Apr02 48 124 109 144 112
Apr03 30 111 111 134 118
Apr04 22 86 56 98 96
Apr05 20 91 48 94 80
Apr06 46 150 111 148 105
Apr07 50 149 104 161 -1
Apr08 28 173 103 151 -1
Apr09 25 142 121 144 -1
Apr10 24 131 108 113 -1
Apr11 21 103 72 95 -1
Apr12 20 78 62 84 -1
Apr13 26 116 116 132 -1
Apr14 20 133 128 131 -1
Apr15 26 127 138 103 -1
Apr16 23 97 148 132 -1
Apr17 24 95 143 136 -1
Apr18 17 71 93 101 -1
Apr19 15 75 75 95 78
Apr20 77 91 99 140 130
Apr21 119 78 94 136 131
Apr22 140 126 113 140 58
Apr23 156 107 124 169 42
Apr24 157 110 115 133 35
Apr25 112 88 83 99 21
Apr26 99 80 70 94 20
Apr27 151 121 125 142 44
Apr28 118 136 127 154 58
Apr29 121 141 138 151 49
Apr30 153 84 135 158 68
May01 141 54 101 134 87
May02 98 40 83 96 40
May03 95 39 93 95 34
May04 146 141 103 156 28
May05 160 159 72 145 20
May06 142 169 80 152 19
May07 155 149 93 156 30
May08 151 159 73 137 24
May09 90 113 44 97 20
May10 92 103 47 106 16
May11 142 164 57 158 34
May12 117 142 90 134 78
May13 111 121 94 81 95
May14 113 97 94 106 111
May15 104 41 109 131 122
May16 74 25 57 82 78
May17 65 21 69 78 84
May18 106 48 111 124 137
May19 109 66 87 129 111
May20 116 94 109 132 113
May21 140 128 67 118 126
May22 117 133 71 80 124
May23 78 83 41 68 76
May24 54 86 42 61 86
May25 88 95 61 43 90
May26 120 132 112 73 95
May27 147 79 113 103 123
May28 136 53 124 101 144
May29 124 34 121 103 135
May30 97 29 83 63 91
May31 84 25 84 43 93
Jun01 149 28 143 90 139
Jun02 137 101 142 90 158
Jun03 144 114 149 49 138
Jun04 119 150 120 37 144
Jun05 133 154 120 30 133
Jun06 93 96 65 20 84
Jun07 94 61 77 18 95
Jun08 160 98 142 24 156
Jun09 159 120 132 22 162
Jun10 173 163 64 34 162
Jun11 180 136 90 33 169
Jun12 184 79 160 27 174
Jun13 115 40 106 15 116
Jun14 118 32 107 18 107
Jun15 161 44 161 32 151
Jun16 160 32 179 129 107
Jun17 125 26 176 139 133
Jun18 115 23 165 147 121
Jun19 141 23 160 152 82
Jun20 97 20 93 83 59
Jun21 92 20 83 81 72
Jun22 138 20 134 158 110
Jun23 140 26 148 169 137
Jun24 176 52 171 147 149
Jun25 183 29 118 164 169
Jun26 165 23 89 157 154
Jun27 112 18 59 103 102
Jun28 108 17 59 110 90
Jun29 159 22 151 169 86
Jun30 183 18 165 144 72
Jul01 163 18 176 158 63
Jul02 145 18 163 152 68
Jul03 115 17 117 117 53
Jul04 70 19 98 80 67
Jul05 85 15 97 81 55
Jul06 145 18 157 134 62
Jul07 162 16 176 146 56
Jul08 146 16 170 175 54
Jul09 158 16 188 170 64
Jul10 128 29 174 166 78
Jul11 82 19 104 99 52
Jul12 81 13 99 96 51
Jul13 115 27 174 157 102
Jul14 120 45 173 174 115
Jul15 146 30 172 180 104
Jul16 126 22 190 189 99
Jul17 154 20 157 172 83
Jul18 96 13 98 107 49
Jul19 93 15 91 106 50
Jul20 136 21 166 173 76
Jul21 68 16 88 81 49
Jul22 75 103 108 110 98
Jul23 53 128 123 130 109
Jul24 79 113 102 104 125
Jul25 61 81 54 57 85
Jul26 79 81 43 56 83
Jul27 104 127 70 115 121
Jul28 131 78 108 137 120
Jul29 148 88 137 111 133
Jul30 151 107 93 118 133
Jul31 130 89 62 128 124
Aug01 82 62 54 67 67
Aug02 83 40 46 74 73
Aug03 134 92 105 116 114
Aug04 118 98 107 134 103
Aug05 139 86 96 126 134
Aug06 137 62 88 130 143
Aug07 144 57 58 120 121
Aug08 92 53 30 74 74
Aug09 88 42 30 65 74
Aug10 148 65 42 137 124
Aug11 158 80 67 137 113
Aug12 168 66 56 136 137
Aug13 119 93 45 145 148
Aug14 -1 61 62 127 134
Aug15 -1 34 29 80 94
Aug16 -1 36 22 65 76
Aug17 -1 55 72 124 153
Aug18 -1 72 70 139 146
Aug19 -1 64 94 159 162
Aug20 -1 53 60 136 170
Aug21 -1 37 68 127 131
Aug22 -1 23 31 80 85
Aug23 -1 20 27 89 81
Aug24 132 19 82 105 133
Aug25 164 24 90 123 164
Aug26 160 33 86 126 175
Aug27 165 55 107 107 153
Aug28 152 54 103 85 143
Aug29 93 45 64 53 88
Aug30 82 39 68 48 78
Aug31 151 130 55 49 133
Sep01 152 154 61 66 149
Sep02 153 157 47 45 160
Sep03 161 152 46 35 144
Sep04 141 141 61 40 131
Sep05 81 68 29 35 87
Sep06 72 66 26 37 75
Sep07 101 83 34 31 100
Sep08 139 140 70 48 126
Sep09 172 152 86 47 139
Sep10 163 164 77 47 139
Sep11 161 164 69 45 155
Sep12 99 103 39 36 107
Sep13 104 95 37 32 95
Sep14 167 169 45 38 153
Sep15 123 124 59 82 111
Sep16 116 122 109 129 123
Sep17 118 120 108 127 150
Sep18 111 114 120 145 116
Sep19 63 70 71 82 53
Sep20 60 70 78 83 64
Sep21 127 123 136 124 117
Sep22 117 141 111 157 132
Sep23 126 142 101 136 156
Sep24 98 160 102 164 131
Sep25 119 139 118 162 94
Sep26 85 81 58 88 64
Sep27 56 73 54 82 61
Sep28 123 160 102 149 129
Sep29 91 151 138 167 117
Sep30 107 139 155 164 117
